Startup CPU time:      817.744 sec summed across   16 PEs.
         Day, Step number,     CPU time, CPU time change
       0.000,           0,      817.744,      817.744
      12.500,        1000,      942.485,      124.742
      25.000,        2000,     1049.438,      106.952
      37.500,        3000,     1149.337,       99.899
      50.000,        4000,     1284.846,      135.509
      62.500,        5000,     1399.671,      114.825
      75.000,        6000,     1526.964,      127.293
      87.500,        7000,     1625.823,       98.859
     100.000,        8000,     1744.921,      119.098
     112.500,        9000,     1844.572,       99.651
     125.000,       10000,     1951.911,      107.339
     137.500,       11000,     2051.111,       99.200
     150.000,       12000,     2150.023,       98.912
     162.500,       13000,     2249.476,       99.453
     175.000,       14000,     2348.596,       99.120
     187.500,       15000,     2455.681,      107.085
     200.000,       16000,     2569.994,      114.314
     212.500,       17000,     2669.212,       99.217
     225.000,       18000,     2768.435,       99.223
     237.500,       19000,     2867.938,       99.504
     250.000,       20000,     2975.252,      107.314
     262.500,       21000,     3074.823,       99.571
     275.000,       22000,     3205.850,      131.027
     287.500,       23000,     3305.929,      100.078
     300.000,       24000,     3414.108,      108.179
     312.500,       25000,     3541.474,      127.366
     325.000,       26000,     3641.148,       99.674
     337.500,       27000,     3752.986,      111.838
     350.000,       28000,     3860.860,      107.874
     362.500,       29000,     3961.556,      100.696
     375.000,       30000,     4062.162,      100.607
     387.500,       31000,     4162.617,      100.454
     400.000,       32000,     4263.343,      100.727
     412.500,       33000,     4372.234,      108.891
     425.000,       34000,     4473.310,      101.075
     437.500,       35000,     4573.993,      100.683
     450.000,       36000,     4675.022,      101.029
     462.500,       37000,     4837.722,      162.701
     475.000,       38000,     4938.585,      100.863
     487.500,       39000,     5039.636,      101.051
     500.000,       40000,     5140.868,      101.232
     512.500,       41000,     5242.262,      101.394
     525.000,       42000,     5372.604,      130.342
     537.500,       43000,     5474.177,      101.573
     550.000,       44000,     5576.100,      101.923
     562.500,       45000,     5689.337,      113.237
     575.000,       46000,     5798.556,      109.219
     587.500,       47000,     5911.257,      112.701
     600.000,       48000,     6012.481,      101.224
     612.500,       49000,     6113.793,      101.312
     625.000,       50000,     6215.127,      101.335
     637.500,       51000,     6334.247,      119.120
     650.000,       52000,     6435.331,      101.084
     662.500,       53000,     6535.967,      100.636
     675.000,       54000,     6637.343,      101.376
     687.500,       55000,     6757.589,      120.246
     700.000,       56000,     6858.788,      101.199
     712.500,       57000,     6960.298,      101.510
     725.000,       58000,     7061.622,      101.323
     737.500,       59000,     7162.943,      101.322
     750.000,       60000,     7272.401,      109.458
     762.500,       61000,     7373.853,      101.452
     775.000,       62000,     7474.926,      101.073
     787.500,       63000,     7576.361,      101.434
     800.000,       64000,     7685.463,      109.103
     812.500,       65000,     7828.092,      142.629
     825.000,       66000,     7928.790,      100.698
     837.500,       67000,     8035.689,      106.899
     850.000,       68000,     8136.663,      100.975
     862.500,       69000,     8245.828,      109.165
     875.000,       70000,     8381.186,      135.359
     887.500,       71000,     8482.727,      101.540
     900.000,       72000,     8589.198,      106.471
     912.500,       73000,     8698.530,      109.333
     925.000,       74000,     8823.022,      124.491
     937.500,       75000,     8934.037,      111.016
     950.000,       76000,     9046.462,      112.424
     962.500,       77000,     9175.346,      128.885
     975.000,       78000,     9285.750,      110.403
     987.500,       79000,     9411.628,      125.878
    1000.000,       80000,     9512.502,      100.874
    1012.500,       81000,     9622.122,      109.620
    1025.000,       82000,     9723.591,      101.469
    1037.500,       83000,     9824.306,      100.715
    1050.000,       84000,     9929.438,      105.131
    1062.500,       85000,    10030.601,      101.163
    1075.000,       86000,    10139.655,      109.055
    1087.500,       87000,    10252.777,      113.121
    1100.000,       88000,    10354.457,      101.680
    1112.500,       89000,    10456.111,      101.654
    1125.000,       90000,    10565.569,      109.458
    1137.500,       91000,    10671.245,      105.677
    1150.000,       92000,    10773.398,      102.152
    1162.500,       93000,    10875.317,      101.920
    1175.000,       94000,    11051.034,      175.717
    1187.500,       95000,    11153.533,      102.499
    1200.000,       96000,    11257.564,      104.031
    1212.500,       97000,    11359.233,      101.669
    1225.000,       98000,    11460.644,      101.411
    1237.500,       99000,    11584.013,      123.369
    1250.000,      100000,    11716.958,      132.944
    1262.500,      101000,    11817.991,      101.034
    1275.000,      102000,    11919.658,      101.667
    1287.500,      103000,    12060.869,      141.211
    1300.000,      104000,    12177.625,      116.755
    1312.500,      105000,    12278.788,      101.163
    1325.000,      106000,    12379.684,      100.896
    1337.500,      107000,    12518.117,      138.433
    1350.000,      108000,    12629.268,      111.151
    1362.500,      109000,    12730.769,      101.501
    1375.000,      110000,    12831.921,      101.152
    1387.500,      111000,    12933.195,      101.274
    1400.000,      112000,    13061.670,      128.475
    1412.500,      113000,    13168.972,      107.302
    1425.000,      114000,    13269.988,      101.016
    1437.500,      115000,    13370.887,      100.899
    1450.000,      116000,    13480.374,      109.487
    1462.500,      117000,    13581.324,      100.950
    1475.000,      118000,    13708.599,      127.275
    1487.500,      119000,    13810.092,      101.493
    1500.000,      120000,    13911.550,      101.458
    1512.500,      121000,    14067.719,      156.170
    1525.000,      122000,    14169.034,      101.315
    1537.500,      123000,    14270.719,      101.685
    1550.000,      124000,    14371.770,      101.051
    1562.500,      125000,    14480.833,      109.062
    1575.000,      126000,    14581.814,      100.981
    1587.500,      127000,    14682.914,      101.101
    1600.000,      128000,    14784.446,      101.531
    1612.500,      129000,    14893.605,      109.159
    1625.000,      130000,    15022.630,      129.025
    1637.500,      131000,    15123.586,      100.957
    1650.000,      132000,    15228.534,      104.947
    1662.500,      133000,    15375.039,      146.505
    1675.000,      134000,    15475.790,      100.751
    1687.500,      135000,    15576.668,      100.878
    1700.000,      136000,    15677.473,      100.805
    1712.500,      137000,    15778.505,      101.032
    1725.000,      138000,    15888.329,      109.824
    1737.500,      139000,    15989.858,      101.529
    1750.000,      140000,    16091.390,      101.531
    1762.500,      141000,    16192.490,      101.101
    1775.000,      142000,    16293.594,      101.104
    1787.500,      143000,    16402.741,      109.147
    1800.000,      144000,    16524.282,      121.541
    1812.500,      145000,    16638.447,      114.165
    1825.000,      146000,    16739.164,      100.717
    1837.500,      147000,    16848.588,      109.424
    1850.000,      148000,    16974.892,      126.304
    1862.500,      149000,    17076.671,      101.779
    1875.000,      150000,    17178.377,      101.706
    1887.500,      151000,    17287.775,      109.398
    1900.000,      152000,    17405.911,      118.136
    1912.500,      153000,    17507.625,      101.713
    1925.000,      154000,    17609.406,      101.781
    1937.500,      155000,    17710.647,      101.241
    1950.000,      156000,    17819.764,      109.117
    1962.500,      157000,    17920.700,      100.936
    1975.000,      158000,    18053.309,      132.610
    1987.500,      159000,    18155.156,      101.846
    2000.000,      160000,    18264.514,      109.359
    2012.500,      161000,    18366.204,      101.689
    2025.000,      162000,    18467.151,      100.947
    2037.500,      163000,    18568.439,      101.288
    2050.000,      164000,    18687.094,      118.655
    2062.500,      165000,    18796.543,      109.449
    2075.000,      166000,    18911.098,      114.555
    2087.500,      167000,    19012.165,      101.067
    2100.000,      168000,    19113.339,      101.174
    2112.500,      169000,    19231.322,      117.983
    2125.000,      170000,    19341.996,      110.674
    2137.500,      171000,    19443.289,      101.293
    2150.000,      172000,    19544.673,      101.384
    2162.500,      173000,    19646.019,      101.347
    2175.000,      174000,    19755.266,      109.247
    2187.500,      175000,    19856.442,      101.176
    2200.000,      176000,    19957.831,      101.389
    2212.500,      177000,    20059.418,      101.587
    2225.000,      178000,    20171.114,      111.696
    2237.500,      179000,    20272.666,      101.552
    2250.000,      180000,    20373.674,      101.008
    2262.500,      181000,    20482.623,      108.948
    2275.000,      182000,    20584.286,      101.663
    2287.500,      183000,    20701.761,      117.475
    2300.000,      184000,    20818.894,      117.133
    2312.500,      185000,    20920.277,      101.384
    2325.000,      186000,    21026.995,      106.717
    2337.500,      187000,    21136.921,      109.926
    2350.000,      188000,    21238.655,      101.734
    2362.500,      189000,    21340.399,      101.744
    2375.000,      190000,    21441.788,      101.389
    2387.500,      191000,    21543.431,      101.643
    2400.000,      192000,    21653.119,      109.688
    2412.500,      193000,    21754.823,      101.704
    2425.000,      194000,    21857.023,      102.200
    2437.500,      195000,    21958.282,      101.259
    2450.000,      196000,    22059.353,      101.071
    2462.500,      197000,    22168.908,      109.555
    2475.000,      198000,    22286.268,      117.360
    2487.500,      199000,    22387.346,      101.078
    2500.000,      200000,    22488.663,      101.317
    2512.500,      201000,    22598.585,      109.921
    2525.000,      202000,    22699.889,      101.304
    2537.500,      203000,    22801.585,      101.696
    2550.000,      204000,    22902.620,      101.035
    2562.500,      205000,    23003.981,      101.361
    2575.000,      206000,    23122.473,      118.491
    2587.500,      207000,    23230.722,      108.249
    2600.000,      208000,    23331.665,      100.943
    2612.500,      209000,    23433.153,      101.488
    2625.000,      210000,    23542.206,      109.053
    2637.500,      211000,    23648.428,      106.222
    2650.000,      212000,    23766.531,      118.103
    2662.500,      213000,    23867.852,      101.321
    2675.000,      214000,    23969.361,      101.509
    2687.500,      215000,    24079.404,      110.043
    2700.000,      216000,    24180.943,      101.539
    2712.500,      217000,    24281.807,      100.864
    2725.000,      218000,    24401.182,      119.375
    2737.500,      219000,    24510.964,      109.782
    2750.000,      220000,    24621.679,      110.715
    2762.500,      221000,    24729.117,      107.438
    2775.000,      222000,    24844.318,      115.200
    2787.500,      223000,    24969.159,      124.841
    2800.000,      224000,    25070.250,      101.091
    2812.500,      225000,    25171.490,      101.240
    2825.000,      226000,    25272.516,      101.026
    2837.500,      227000,    25373.730,      101.214
    2850.000,      228000,    25486.710,      112.979
    2862.500,      229000,    25587.809,      101.099
    2875.000,      230000,    25706.169,      118.360
    2887.500,      231000,    25807.653,      101.485
    2900.000,      232000,    25908.922,      101.269
    2912.500,      233000,    26018.826,      109.904
    2925.000,      234000,    26145.370,      126.544
    2937.500,      235000,    26246.385,      101.014
    2950.000,      236000,    26347.444,      101.059
    2962.500,      237000,    26456.682,      109.238
    2975.000,      238000,    26597.510,      140.827
    2987.500,      239000,    26699.196,      101.686
    3000.000,      240000,    26800.257,      101.061
    3012.500,      241000,    26932.137,      131.880
    3025.000,      242000,    27033.470,      101.333
    3037.500,      243000,    27135.109,      101.640
    3050.000,      244000,    27236.463,      101.354
    3062.500,      245000,    27338.346,      101.883
    3075.000,      246000,    27447.866,      109.520
    3087.500,      247000,    27549.437,      101.571
    3100.000,      248000,    27651.305,      101.867
    3112.500,      249000,    27752.879,      101.574
    3125.000,      250000,    27911.534,      158.655
    3137.500,      251000,    28013.311,      101.777
    3150.000,      252000,    28114.967,      101.656
    3162.500,      253000,    28216.500,      101.533
    3175.000,      254000,    28326.260,      109.760
    3187.500,      255000,    28427.725,      101.466
    3200.000,      256000,    28528.780,      101.055
    3212.500,      257000,    28630.522,      101.742
    3225.000,      258000,    28731.649,      101.127
    3237.500,      259000,    28841.434,      109.785
    3250.000,      260000,    28942.985,      101.551
    3262.500,      261000,    29044.351,      101.366
    3275.000,      262000,    29157.643,      113.292
    3287.500,      263000,    29266.073,      108.429
    3300.000,      264000,    29375.953,      109.880
    3312.500,      265000,    29497.655,      121.702
    3325.000,      266000,    29598.961,      101.306
    3337.500,      267000,    29700.439,      101.478
    3350.000,      268000,    29810.279,      109.840
    3362.500,      269000,    29924.753,      114.473
    3375.000,      270000,    30026.228,      101.475
    3387.500,      271000,    30127.727,      101.499
    3400.000,      272000,    30249.540,      121.813
    3412.500,      273000,    30361.170,      111.630
    3425.000,      274000,    30462.790,      101.619
    3437.500,      275000,    30575.199,      112.409
    3450.000,      276000,    30676.892,      101.693
    3462.500,      277000,    30794.711,      117.819
    3475.000,      278000,    30895.961,      101.250
    3487.500,      279000,    30997.269,      101.309
    3500.000,      280000,    31098.425,      101.155
    3512.500,      281000,    31208.263,      109.838
    3525.000,      282000,    31343.905,      135.642
    3537.500,      283000,    31445.335,      101.430
    3550.000,      284000,    31546.790,      101.455
    3562.500,      285000,    31648.392,      101.603
    3575.000,      286000,    31758.282,      109.890
    3587.500,      287000,    31864.889,      106.606
    3600.000,      288000,    31966.258,      101.370
    3612.500,      289000,    32067.210,      100.952
    3625.000,      290000,    32186.713,      119.503
    3637.500,      291000,    32287.908,      101.195
    3650.000,      292000,    32399.735,      111.827
    3650.000,      292000,    32399.885,        0.150
